# This file was generated by LaserBoy 09-17-2013 !!!
#
# the free, multiplatform laser display application
# by James Lehman <james@akrobiz.com>
# Extra Stimulus Inc., Akron, Ohio USA
# http://laserboy.org/

version LaserBoy-txt-07-08-2009

palette named Default_

#      0 ------------------------------------------
frame xy palette short
     3372     5027     -1
     3372     3950     57
     5796     5351     57
     3372     6751     57
     3372     5667     57
    -5913     5667     57
    -5913     5027     57
     3372     5027     57
    12905     9296     -1
    17339     9296     57
    17339    10264     57
    12824    10264     57
    12824    18746     57
    13040    18941     57
    13175    19195     57
    13223    19457     57
    13187    19736     57
    13063    19997     57
    12868    20197     57
    12634    20322     57
    12342    20379     57
    12064    20322     57
    11816    20197     57
    11624    19997     57
    11500    19736     57
    11467    19457     57
    11513    19195     57
    11655    18941     57
    11861    18746     57
    11861    10264     57
     7349    10264     57
     7349     9296     57
    11795     9296     57
    12905     9296     -1
    18083      345     57
    12824      345     57
    12824    -8053     57
    13040    -8245     57
    13175    -8489     57
    13223    -8762     57
    13187    -9040     57
    13063    -9296     57
    12868    -9491     57
    12634    -9624     57
    12342    -9669     57
    12064    -9624     57
    11816    -9491     57
    11624    -9296     57
    11500    -9040     57
    11467    -8762     57
    11513    -8489     57
    11655    -8245     57
    11861    -8053     57
    11861      345     57
     6618      345     57
    11795     9296     57
    24924     5351     -1
    24888     6628     57
    24791     7890     57
    24634     9131     57
    24406    10364     57
    24131    11567     57
    23791    12741     57
    23406    13902     57
    22954    15032     57
    22437    16137     57
    21891    17222     57
    21287    18270     57
    20632    19271     57
    19926    20255     57
    19197    21210     57
    18398    22115     57
    17575    22982     57
    16710    23809     57
    15791    24602     57
    14852    25346     57
    13868    26038     57
    12852    26690     57
    11810    27299     57
    10726    27852     57
     9626    28354     57
     8494    28799     57
     7332    29195     57
     6154    29544     57
     4951    29820     57
     3725    30043     57
     2480    30204     57
     1219    30304     57
      -26    30330     57
    -1335    30304     57
    -2595    30204     57
    -3844    30043     57
    -5069    29820     57
    -6275    29544     57
    -7457    29195     57
    -8606    28799     57
    -9752    28354     57
   -10843    27852     57
   -11928    27299     57
   -12968    26690     57
   -13989    26038     57
   -14973    25346     57
   -15911    24602     57
   -16814    23809     57
   -17684    22982     57
   -18516    22115     57
   -19301    21210     57
   -20049    20255     57
   -20747    19271     57
   -21416    18270     57
   -22000    17222     57
   -22563    16137     57
   -23061    15032     57
   -23515    13902     57
   -23911    12741     57
   -24252    11567     57
   -24530    10364     57
   -24754     9131     57
   -24908     7890     57
   -25005     6628     57
   -25038     5351     57
   -25005     4074     57
   -24908     2808     57
   -24754     1566     57
   -24530      347     57
   -24252     -863     57
   -23911    -2044     57
   -23515    -3201     57
   -23061    -4337     57
   -22563    -5441     57
   -22000    -6514     57
   -21416    -7561     57
   -20747    -8576     57
   -20049    -9563     57
   -19301   -10499     57
   -18516   -11407     57
   -17684   -12280     57
   -16814   -13108     57
   -15911   -13897     57
   -14973   -14637     57
   -13989   -15336     57
   -12968   -15988     57
   -11928   -16594     57
   -10843   -17151     57
    -9752   -17652     57
    -8606   -18107     57
    -7457   -18501     57
    -6275   -18842     57
    -5069   -19115     57
    -3844   -19339     57
    -2595   -19498     57
    -1335   -19603     57
      -26   -19633     57
     1219   -19603     57
     2480   -19498     57
     3725   -19339     57
     4951   -19115     57
     6154   -18842     57
     7332   -18501     57
     8494   -18107     57
     9626   -17652     57
    10726   -17151     57
    11810   -16594     57
    12852   -15988     57
    13868   -15336     57
    14852   -14637     57
    15791   -13897     57
    16710   -13108     57
    17575   -12280     57
    18398   -11407     57
    19197   -10499     57
    19926    -9563     57
    20632    -8576     57
    21287    -7561     57
    21891    -6514     57
    22437    -5441     57
    22954    -4337     57
    23406    -3201     57
    23791    -2044     57
    24131     -863     57
    24406      347     57
    24634     1566     57
    24791     2808     57
    24888     4074     57
    24924     5351     57
    26072     5351     -1
    26039     6686     57
    25943     8007     57
    25766     9304     57
    25536    10590     57
    25252    11849     57
    24890    13088     57
    24478    14297     57
    24012    15480     57
    23482    16633     57
    22901    17771     57
    22280    18864     57
    21582    19914     57
    20854    20939     57
    20079    21934     57
    19256    22880     57
    18377    23792     57
    17474    24662     57
    16536    25489     57
    15535    26273     57
    14516    26997     57
    13450    27675     57
    12353    28305     57
    11233    28891     57
    10072    29426     57
     8889    29892     57
     7682    30308     57
     6438    30657     57
     5181    30954     57
     3898    31181     57
     2595    31349     57
     1277    31448     57
      -26    31488     57
    -1394    31448     57
    -2716    31349     57
    -4016    31181     57
    -5298    30954     57
    -6555    30657     57
    -7792    30308     57
    -9009    29892     57
   -10188    29426     57
   -11349    28891     57
   -12471    28305     57
   -13570    27675     57
   -14626    26997     57
   -15658    26273     57
   -16642    25489     57
   -17596    24662     57
   -18503    23792     57
   -19382    22880     57
   -20199    21934     57
   -20989    20939     57
   -21710    19914     57
   -22387    18864     57
   -23023    17771     57
   -23597    16633     57
   -24130    15480     57
   -24602    14297     57
   -25007    13088     57
   -25366    11849     57
   -25662    10590     57
   -25892     9304     57
   -26062     8007     57
   -26160     6686     57
   -26196     5351     57
   -26160     4012     57
   -26062     2693     57
   -25892     1393     57
   -25662       49     57
   -25366    -1148     57
   -25007    -2390     57
   -24602    -3598     57
   -24130    -4784     57
   -23597    -5940     57
   -23023    -7071     57
   -22387    -8160     57
   -21710    -9221     57
   -20989   -10256     57
   -20199   -11237     57
   -19382   -12184     57
   -18503   -13096     57
   -17596   -13971     57
   -16642   -14783     57
   -15658   -15575     57
   -14626   -16296     57
   -13570   -16980     57
   -12471   -17611     57
   -11349   -18188     57
   -10188   -18714     57
    -9009   -19198     57
    -7792   -19606     57
    -6555   -19970     57
    -5298   -20250     57
    -4016   -20483     57
    -2716   -20647     57
    -1394   -20756     57
      -26   -20795     57
     1277   -20756     57
     2595   -20647     57
     3898   -20483     57
     5181   -20250     57
     6438   -19970     57
     7682   -19606     57
     8889   -19198     57
    10072   -18714     57
    11233   -18188     57
    12353   -17611     57
    13450   -16980     57
    14516   -16296     57
    15535   -15575     57
    16536   -14783     57
    17474   -13971     57
    18377   -13096     57
    19256   -12184     57
    20079   -11237     57
    20854   -10256     57
    21582    -9221     57
    22280    -8160     57
    22901    -7071     57
    23482    -5940     57
    24012    -4784     57
    24478    -3598     57
    24890    -2390     57
    25252    -1148     57
    25536       49     57
    25766     1393     57
    25943     2693     57
    26039     4012     57
    26072     5351     57
     8290     1303     -1
    12342     8333     57
    16409     1303     57
     8290     1303     57
    -8406     9393     -1
   -12462     2369     57
   -16532     9393     57
    -8406     9393     57
     3372    10893     -1
     5796     9483     57
     3372     8087     57
     3372     9162     57
    -5913     9162     57
    -5913     9802     57
     3372     9802     57
     3372    10893     57
    -5913     1537     -1
     3372     1537     57
     3372     2616     57
     5796     1214     57
     3372     -178     57
     3372      892     57
    -5913      892     57
    -5913     1537     57
   -11913     1404     -1
    -7465     1404     57
    -7465      432     57
   -11980      432     57
   -11980    -8053     57
   -11772    -8245     57
   -11633    -8489     57
   -11583    -8762     57
   -11616    -9040     57
   -11742    -9296     57
   -11934    -9491     57
   -12183    -9624     57
   -12462    -9669     57
   -12740    -9624     57
   -12987    -9491     57
   -13183    -9296     57
   -13309    -9040     57
   -13341    -8762     57
   -13295    -8489     57
   -13161    -8245     57
   -12945    -8053     57
   -12945      432     57
   -17455      432     57
   -17455     1404     57
   -13030     1404     57
   -18187    10365     57
   -12945    10365     57
   -12945    18746     57
   -13161    18941     57
   -13295    19195     57
   -13341    19457     57
   -13309    19736     57
   -13183    19997     57
   -12987    20197     57
   -12740    20322     57
   -12462    20379     57
   -12183    20322     57
   -11934    20197     57
   -11742    19997     57
   -11616    19736     57
   -11583    19457     57
   -11633    19195     57
   -11772    18941     57
   -11980    18746     57
   -11980    10365     57
    -6739    10365     57
   -11913     1404     57
   -15266   -30166     -1
   -12164   -30166     57
    -9504   -27613     57
    -6831   -30166     57
    -3754   -30166     57
    -7732   -26345     57
    -3907   -22666     57
    -7012   -22666     57
    -9504   -25094     57
   -12027   -22666     57
   -15113   -22666     57
   -11277   -26345     57
   -15266   -30166     57
   -26196   -31488     -1
   -26196   -30567     57
    -3177   -30567     57
      599   -22666     57
     2298   -22666     57
    -1483   -30567     57
    26072   -30567     57
    26072   -31488     57
   -26196   -31488     57
   -26196   -24134     -1
   -26196   -22666     57
   -15636   -22666     57
   -15636   -24134     57
   -19439   -24134     57
   -19439   -30166     57
   -22387   -30166     57
   -22387   -24134     57
   -26196   -24134     57
     6696   -25998     -1
     6696   -24071     57
     8340   -24090     57
     9032   -24198     57
     9397   -24393     57
     9562   -24573     57
     9654   -24789     57
     9673   -25094     57
     9601   -25381     57
     9473   -25607     57
     9274   -25765     57
     8877   -25906     57
     7935   -25998     57
     6696   -25998     57
     7862   -27348     -1
     6696   -27335     57
     6696   -30166     57
     3741   -30166     57
     3741   -22666     57
     8254   -22666     57
     9715   -22740     57
    10606   -22862     57
    11190   -23028     57
    11743   -23260     57
    12175   -23573     57
    12474   -24021     57
    12634   -24561     57
    12586   -25129     57
    12442   -25507     57
    12207   -25844     57
    11860   -26134     57
    11463   -26345     57
    10422   -26662     57
    10929   -26804     57
    11293   -26947     57
    11626   -27164     57
    12029   -27495     57
    12357   -27892     57
    14090   -30166     57
    10933   -30166     57
     9546   -28302     57
     9042   -27775     57
     8766   -27579     57
     8451   -27452     57
     7862   -27348     57
    14854   -22666     -1
    18676   -26345     57
    14702   -30166     57
    17788   -30166     57
    20438   -27613     57
    23117   -30166     57
    26196   -30166     57
    22216   -26345     57
    26039   -22666     57
    22951   -22666     57
    20438   -25094     57
    17940   -22666     57
    14854   -22666     57
    26072   -21293     -1
    26072   -22206     57
   -26196   -22206     57
   -26196   -21293     57
    26072   -21293     57

